0.316389909859579 0.0697346246882079
0.448349194811916 0.114929429520107
0.570296301491891 0.0891005206131201
0.465977921778427 0.0968135128785955
0.525558671237542 0.077683072472868
0.592747759818938 0.0785571866236564
0.620876637389817 0.0738952234797209
0.356903698347152 0.076268693009926
0.52779758063587 0.0830190446937573
0.449856512265166 0.119656410493498
0.69428535877331 0.0883850090774432
0.515010893897298 0.0962514242543026
0.49980228582205 0.0696397699709695
0.488990095019994 0.0628157414084694
0.569499052568458 0.0849034773835339
0.360121474438617 0.0856883990973207
0.564321023966806 0.0768926626812463
0.612402036542502 0.0604409815988751
0.524886242230653 0.0785655631563524
0.46685107683085 0.084555047276424
0.493414874638473 0.0748581759897353
0.421020355798356 0.0953691741111653
0.277579619928976 0.0831567490769165
0.422718745750712 0.0847483310204568
0.510686428658348 0.0803656941634019
0.656687356972205 0.085440617213898
0.586017841678657 0.0775154150443826
0.430981615471336 0.0848803688191146
0.560891083048755 0.0758331286996599
0.435669030231832 0.0781705317514763
0.186020575840694 0.091853374387149
0.611023454050848 0.0682043914767016
0.310355514948735 0.0934236667655501
0.385116411259505 0.0738697492541318
0.50802923605667 0.0969900984715667
0.543276474501735 0.0772124743316755
0.546300882558614 0.0802087257860914
0.243244481739437 0.0813021209552953
0.433139091126749 0.0883778487901701
0.52512613922621 0.0909409549432121
0.623542966353347 0.0801084923423864
0.529785496568101 0.0984476164853044
0.607715860031977 0.0810791729737509
0.479672292933803 0.0721542744907328
0.569837482768227 0.0888280502711852
0.451267539712455 0.0683920702802851
0.46334233922996 0.0753271623968679
0.452747915417122 0.0814508302678941
0.413821893670546 0.0818835247295128
0.456843116035891 0.0835886483580843
0.370129918574128 0.0782709552852546
0.305291114812607 0.0772062714345392
0.388723791281766 0.114650442033874
0.664571443892315 0.0920898361711562
0.399412448175971 0.0918263729399077
0.38368704496073 0.0873489363125328
0.573681117362859 0.0769380345659181
0.583814294614118 0.0859463653533683
0.370799539047265 0.0923572835271153
0.505034848071237 0.0739003963272889
0.486858362751839 0.0891714215860144
0.596546310455278 0.0903045791239696
0.666290190006199 0.0804774227964779
0.549881965716269 0.0832224499531028
0.417463923335591 0.0768748051870649
0.554452005398306 0.075834791870056
0.613105123831305 0.0785849112914189
0.44013325512161 0.078680855222828
0.554917233050493 0.067053175535628
0.640867849136738 0.0740674778207682
0.47635694144424 0.0861683279788792
0.57891432556578 0.0799505211538941
0.481947457242913 0.0938628318388254
0.433814721163726 0.0754215941127806
0.466967786819089 0.0796794423320192
0.55507263522153 0.0908844035573359
0.539948911690997 0.0730904774290699
0.503699127196141 0.077802897990845
0.518212527676727 0.0681139516003693
0.525072612755067 0.0848170785499097
0.46563479392386 0.0841495816714545
0.483899321939486 0.0730850308663663
0.612242551204511 0.105509544160179
0.682453894965557 0.0883343650972188
0.632975962200503 0.071426631972935
0.272925077163778 0.0626247147878451
0.162131424963709 0.0841279165876115
0.462447088697206 0.0820042445601822
0.562392543199062 0.0847798902087393
0.721426983358058 0.075944293706682
0.556624549952214 0.0850505666474275
0.595972548345572 0.0857877667710538
0.465682210667195 0.0906999038806853
0.540892486435224 0.0924492427611671
0.447209344546264 0.089003367054856
0.351904411301063 0.0952699395319664
0.41689912992489 0.0942423071743647
0.666934507727498 0.0703768619051521
0.482518912316758 0.0929746930053409
0.393262037766459 0.0827189446666982
0.513039745779279 0.072519715451292
0.587538153515027 0.0791505435557338
0.511250941167322 0.0758704965301462
0.624359627726414 0.0845260800341473
0.450488971959116 0.0783106188171108
0.599852588763874 0.0830362412402461
0.529255788870443 0.0753676891633044
0.376912853379678 0.071575912138392
0.509036543371026 0.0957113514608186
0.425613680920168 0.0954206700607311
0.611496599371527 0.082948338890989
0.368154427670715 0.100753370164191
0.242707799056926 0.0847498283460306
0.66542232914599 0.0783418805998533
0.279440124990632 0.0890458030825561
0.313527471557719 0.0634761847229593
0.600468987694833 0.0886100864015559
0.614340106608627 0.0799748832284243
0.321478370731599 0.0741158969974358
0.498171292542084 0.0919531141900826
0.260601076109049 0.0862752864103285
0.512285654891217 0.0938486460407576
0.428219038341238 0.0926152825788047
0.542134811466257 0.0971336679985217
0.460920862086804 0.0909833030773878
0.5191255649392 0.0816241963593985
0.698569605792098 0.0802096226141822
0.473617039771702 0.0792822709188962
0.389980982657879 0.0914226902258012
0.295188363283132 0.0809087728619154
0.741009374752533 0.0832430647533935
0.616645894554564 0.0748402248272688
0.515183264624453 0.0810809601525501
0.427535477230032 0.0805233151236553
0.505171144300177 0.0769878891235617
0.295637551879689 0.105717166007526
0.634812662557152 0.0821554667811254
0.349982154628698 0.0951193217630199
0.221158987609945 0.0829318583564624
0.584344972660784 0.0881270665383155
0.394730551904321 0.0773351385912916
0.373107188332163 0.0911742316418175
0.526899957446009 0.0724664871318497
0.4482437459139 0.0804635305748015
0.471713425541112 0.0780339593944765
0.592201680093068 0.0781576761861729
0.562325557887986 0.0697715589320691
0.537679171083297 0.0972642950960569
0.70908732242757 0.0800270759945824
0.61622691534265 0.0876425491879776
0.57756384824011 0.0988683655393909
0.625105689671953 0.0937342488741697
0.369477175541401 0.0851777097762585
0.228533736837622 0.0848713033160962
0.413423910564313 0.0737324888673837
0.370170997116586 0.0778956184154481
0.586479820205353 0.0837820428068511
0.64325358957764 0.0837106782344764
0.398786540915074 0.0612896906236837
0.459530595059864 0.0759450536531547
0.276912377173012 0.0764149946838469
0.541919066992953 0.0846514243212949
0.460183734750581 0.0662417511866611
0.221729965007753 0.0897693626007904
0.608176277148496 0.0951250224903713
0.360284437617537 0.0816013206888418
0.463870781781827 0.0749619675857654
0.42656163005368 0.0819134299987394
0.462379538317772 0.0825439293439138
0.26244747539439 0.0909413947346968
0.608243679127575 0.0821063000188462
0.460677089492365 0.110030211600681
0.518109392204396 0.106318688093297
0.456148876729752 0.106623778142705
0.583689304851079 0.100328457587471
0.573149841701373 0.0750681304443911
0.362017527366934 0.0865884116140782
0.594213886801941 0.100287749870121
0.588864272205716 0.0973436225680646
0.526426465377868 0.0812196271376409
0.419444122219823 0.0815196540426227
0.454071784567442 0.0855177976914729
0.47045781330302 0.0811384100116289
0.647534344090135 0.0807686061773769
0.625214872667768 0.0964746560929891
0.65268693606638 0.069081418272485
0.58437153493787 0.0896143096882661
0.472863917461604 0.0938434679428334
0.369319423588718 0.0824611474484213
0.486434523635205 0.0885712486111498
0.517322280425158 0.0811866612872332
0.477241487791082 0.0883932659747796
0.311257778513195 0.0800101927304912
0.366368987970817 0.0744583432085369
0.642815870886368 0.0928707649013664
0.385240008113482 0.099812548728706
0.724962873578989 0.0618622841031972
0.672268190788915 0.0918562815872668
0.249683380224013 0.116735010607031
0.576440749632148 0.0971308684843043
