0.42908989420463 0.0886303166861895
0.457607402474328 0.0804009930956378
0.460951050272503 0.12106255190923
0.632834528093645 0.0844482477454065
0.318058813336801 0.0836778860166658
0.484849588863643 0.0872943622919895
0.523928899771402 0.0824105419381125
0.60943399087965 0.0777537822604856
0.601637285965606 0.0870237816526038
0.526675767260058 0.097918553867751
0.245534848323308 0.0950046093315289
0.165099004066367 0.0725778542932397
0.46338932624943 0.0842573323256531
0.603766364958542 0.0951429199623922
0.5055973205924 0.073456898132217
0.408371123664269 0.0915876364070304
0.698335361016098 0.0735400847846217
0.240784419893088 0.0580154682409308
0.531587867389464 0.0891671989483444
0.607749393121117 0.0777487013652987
0.415105133543932 0.0761881640762233
0.587795518142212 0.0873502337297429
0.825714348763364 0.112097431408785
0.559695069303532 0.0670986390758661
0.63227329869693 0.0764756389971789
0.642559727176182 0.0827975354068618
0.391203349016682 0.0656659728486676
0.504326188901225 0.0846682034085721
0.572051390395218 0.0903205780451359
0.557190734344454 0.0722955881210915
0.554984702337369 0.077355266588237
0.375764509057388 0.0862718465092526
0.485479944628324 0.0652822336242425
0.471423461700822 0.0808255515525969
0.332376200248964 0.0881421146536221
0.50264336993126 0.0834697762545684
0.418399356311703 0.0796617164321081
0.553621022915272 0.0888562942023906
0.558414273598072 0.082895340256019
0.481605758170537 0.0744438440372467
0.434246613171974 0.0829739273275443
0.553788492526448 0.081127946352075
0.683534706261278 0.0815569919928557
0.374997822973518 0.0821118615006896
0.601657018081785 0.0726073350984067
0.510273241124939 0.0843504359925246
0.763818341756629 0.0998282001488772
0.186475568951763 0.123593178712864
0.464064646103931 0.0762959746760343
0.635739651669193 0.0762974191719206
0.685570472464552 0.10751327229647
0.729514643242297 0.0727663154733835
0.384281101693565 0.0840004166818634
0.513744124128591 0.0733935402392228
0.564063052134444 0.0891065378518946
0.40825833129902 0.0748900823196022
0.653044339441433 0.0796481341863129
0.239660240889289 0.0879529462182003
0.737384313124372 0.0928456632366674
0.486032171194457 0.102929457499559
0.349450413839396 0.0747978496240597
0.293332331874087 0.0678601068070195
0.554413195935064 0.0881222008036226
0.565609869639239 0.0722402253739565
0.692958602455334 0.0741933353130858
0.247072546471934 0.0915739557567682
0.564549769549261 0.0856349787924829
0.428630621174525 0.0812963517957319
0.615345798422266 0.0886042959799871
0.456640309081416 0.108041581008459
0.46815527929147 0.0767380076283667
0.699834590177321 0.0803245288816137
0.644874172557428 0.0785411590120335
0.747186994543081 0.103081267329474
0.41901293633546 0.0796451319068954
0.523043173517362 0.0795460117439665
0.433012073526578 0.0874094924741752
0.52226704176407 0.0792735540111884
0.664267254570638 0.0837755993298695
0.422267016316007 0.0833575432935606
0.302750956922005 0.113797712789921
0.693804017175026 0.0798889394346907
0.568828967244313 0.0860407468836358
0.21183747684168 0.0909820533618417
0.252012472208128 0.0886933131513824
0.412126406619272 0.0731998266157808
0.463223323363898 0.0727463822939711
0.456893816571223 0.0961472576016136
0.429812950367168 0.0660442206830046
0.479508652852111 0.0886206009817419
0.477653101423678 0.0687606197011018
0.611360310978342 0.0661411977536291
0.530337472107531 0.0829323984593049
0.692338243531137 0.0850823754963514
0.361432608194366 0.086590106647613
0.561490798261027 0.0835206936693083
0.246883846746487 0.0984654160836484
0.641339196844567 0.0974095899831205
0.563589547631607 0.0885531094469545
0.629897617242124 0.0697321789352321
0.719968846699303 0.0703276603053155
0.286210483903715 0.084899615907164
0.620371457617564 0.0799602437819133
0.291121786379994 0.0747826066149983
0.534501249573682 0.085408458380646
0.440284080954939 0.0731045578911701
0.293376086019872 0.0743189799699755
0.80141071864959 0.0868174082841205
0.642308342812866 0.0779535834617111
0.477750032064619 0.107000367162349
0.43888622755196 0.0845209646521503
0.515299752676522 0.0793096417321099
0.698928734906488 0.0847463143640508
0.37122820670193 0.091592908991009
0.490104911357978 0.0834987603062499
0.491486257792091 0.0861834971181343
0.593301684944879 0.0698671963031396
0.631613653758238 0.0661162852389011
0.526902669835904 0.0654169082461952
0.213285603505514 0.0849697098292562
0.490830387475058 0.0869313959038193
0.595341580046433 0.0778313770789409
0.480839100603106 0.0743974686357304
0.486170243246237 0.0926104001616547
0.745370301876364 0.106059582960527
0.621046260635535 0.0846586386838187
0.346122336820267 0.0771467844175436
0.51213516433231 0.0706390246194252
0.38701145384821 0.102839781255285
0.558572418332935 0.0828052646527587
0.534518720738826 0.076671627639145
0.365806241856379 0.0805773679128157
0.553825532770115 0.0825328747306848
0.622452498417051 0.0702869936694571
0.426715120146505 0.0909240952550149
0.551179404461521 0.0764274124568295
0.500936734572536 0.0875798079575408
0.36941233368838 0.0908338961501527
0.672399714390081 0.0880480609155269
0.365727568766864 0.0813573028064135
0.565164773633309 0.0903044248567527
0.56542787752907 0.0784385568787649
0.210201740936889 0.108537710302778
0.427403334798744 0.0850539963649603
0.339539236369502 0.101609529942818
0.451560378585826 0.0851416605080485
0.28805104463065 0.0814139208941659
0.442867866614988 0.0996211720065938
0.488719709702616 0.080226195637918
0.570544328861812 0.0832723512807101
0.504336878188695 0.0728496616678394
0.364951226034263 0.0763725749274241
0.353104733183787 0.09931688894256
0.647517780930345 0.0723596322414773
0.700305564170369 0.0889683753560948
0.58372679471511 0.107653838844855
0.299357239083417 0.0776418202182858
0.344492752654563 0.08518294012309
0.2314624318579 0.0943497393805074
0.329373501653304 0.0849586115326624
0.587652119208955 0.0717504687524775
0.276227039565566 0.090296196135163
0.408865743573161 0.0746494028262009
0.593543864737915 0.0774446940630321
0.687770600978239 0.0831125105067568
0.609747420301578 0.0777662048001951
0.671070054373311 0.103849900082645
0.668675489301519 0.0755616901914838
0.557680970229113 0.0936532350881552
0.410168570911344 0.0821788005206592
0.499079529446996 0.0746273892380933
0.389673149508527 0.106390839888462
0.518337240551908 0.0801485555572767
0.688796256013095 0.0790455625205533
0.540443900293092 0.0759975880497778
0.384756827710437 0.0833751568149718
0.355641335365917 0.0704145524071493
0.385796035624324 0.0756504045475113
0.249338650138955 0.0771236117067753
0.437810740293875 0.0798250874599318
0.495088187654764 0.0837031350903863
0.486666457909131 0.0887131462705774
0.419714617503315 0.0890179534855344
0.3400530586004 0.107940997496553
0.512552025326298 0.0760810462257352
0.64778617087002 0.084148454933185
0.467483737385826 0.0879455071180131
0.440162353449937 0.0931810157452989
0.350266383694795 0.0947195453832192
0.591417344047899 0.0971672846273009
0.334043194208249 0.0902737100329927
0.466642868865074 0.0815932555595321
0.642835215632711 0.0759381625161988
0.677563929232694 0.0764630440276363
0.297464028530161 0.104062972370883
0.377959934389392 0.0785501484822484
0.552201071071555 0.076374086314162
0.163347308260924 0.106914909775169
0.508880113420757 0.0776624861215059
0.612523347422497 0.0865556213729291
